90.3638,23.8341
90.3638,23.8339
90.3638,23.8339
90.3639,23.8335
90.3639,23.8335
90.3639,23.8322
90.3639,23.8322
90.3639,23.8321
90.3639,23.8321
90.3639,23.8321
90.3639,23.8321
90.3638,23.8318
90.3638,23.8318
90.3638,23.8316
90.3638,23.8316
90.3638,23.8315
90.3638,23.8315
90.3642,23.8294
90.3642,23.8294
90.3642,23.8294
90.3642,23.8294
90.3643,23.8283
90.3643,23.8283
90.3643,23.8278
90.3643,23.8278
90.3642,23.8278
90.3642,23.8278
90.3643,23.8273
90.3643,23.8273
90.3643,23.8267
90.3643,23.8267
90.3643,23.8264
90.3643,23.8264
90.3643,23.8264
90.3643,23.8264
90.3643,23.8262
90.3643,23.8262
90.3643,23.8257
90.3643,23.8257
90.3643,23.8252
90.3643,23.8252
90.3643,23.8251
90.3643,23.8251
90.3643,23.825
90.3643,23.825
90.3643,23.8247
90.3643,23.8247
90.3643,23.8245
90.3643,23.8245
90.3644,23.8239
90.3644,23.8239
90.3644,23.8237
90.3644,23.8237
90.3644,23.8227
90.3644,23.8227
90.3644,23.8227
90.3644,23.8227
90.3644,23.8226
90.3644,23.8226
90.3645,23.8222
90.3645,23.8222
90.3645,23.8222
90.3645,23.8222
90.3647,23.8216
90.3647,23.8216
90.3648,23.8211
90.3648,23.8211
90.3649,23.8209
90.3649,23.8209
90.3649,23.8206
90.3649,23.8206
90.3649,23.8206
90.3649,23.8206
90.365,23.8203
90.365,23.8203
90.3651,23.8201
90.3651,23.8201
90.3651,23.8198
90.3651,23.8198
90.3652,23.8196
90.3652,23.8196
90.3653,23.8191
90.3653,23.8191
90.3653,23.8191
90.3653,23.8191
90.3654,23.8189
90.3654,23.8189
90.3655,23.8185
90.3655,23.8185
90.3656,23.818
90.3656,23.818
90.3658,23.8175
90.3658,23.8175
90.3659,23.8171
90.3659,23.8171
90.3659,23.817
90.3659,23.817
90.3661,23.8165
90.3661,23.8165
90.3662,23.8161
90.3662,23.8161
90.3662,23.8159
90.3662,23.8159
90.3662,23.8158
90.3662,23.8158
90.3663,23.8154
90.3663,23.8154
90.3664,23.8151
90.3664,23.8151
90.3665,23.8149
90.3665,23.8149
90.3666,23.8146
90.3666,23.8146
90.3666,23.8144
90.3666,23.8144
90.3667,23.8139
90.3667,23.8139
90.3669,23.8134
90.3669,23.8134
90.3669,23.8133
90.3669,23.8133
90.367,23.8131
90.367,23.8131
90.367,23.813
90.367,23.813
90.367,23.8128
90.367,23.8128
90.3671,23.8125
90.3671,23.8125
90.3673,23.812
90.3673,23.812
90.3674,23.8115
90.3674,23.8115
90.3675,23.8112
90.3675,23.8112
90.3675,23.811
90.3675,23.811
90.3677,23.8105
90.3677,23.8105
90.3677,23.8105
90.3677,23.8105
90.3678,23.81
90.3678,23.81
90.3679,23.8098
90.3679,23.8098
90.368,23.8094
90.368,23.8094
90.368,23.8093
90.368,23.8093
90.3681,23.8089
90.3681,23.8089
90.3682,23.8087
90.3682,23.8087
90.3682,23.8085
90.3682,23.8085
90.3683,23.8084
90.3683,23.8084
90.3685,23.8076
90.3685,23.8076
90.3686,23.8071
90.3686,23.8071
90.3687,23.807
90.3687,23.807
90.3687,23.8068
90.3687,23.8068
90.3688,23.8067
90.3688,23.8067
90.3688,23.8064
90.3688,23.8064
90.3691,23.806
90.3691,23.806
90.3691,23.8059
90.3691,23.8059
90.3692,23.8056
90.3692,23.8056
90.3693,23.8054
90.3693,23.8054
90.3695,23.805
90.3695,23.805
90.3697,23.8046
90.3697,23.8046
90.3697,23.8045
90.3697,23.8045
90.3698,23.8043
90.3698,23.8043
90.3699,23.8041
90.3699,23.8041
90.3701,23.8037
90.3701,23.8037
90.3702,23.8037
90.3702,23.8037
90.3702,23.8035
90.3702,23.8035
90.3703,23.8033
90.3703,23.8033
90.3703,23.8032
90.3703,23.8032
90.3705,23.8029
90.3705,23.8029
90.3706,23.8027
90.3706,23.8027
90.3706,23.8026
90.3706,23.8026
90.3708,23.8021
90.3708,23.8021
90.3709,23.8019
90.3709,23.8019
90.3711,23.8015
90.3711,23.8015
90.3712,23.8012
90.3712,23.8012
90.3713,23.8009
90.3713,23.8009
90.3714,23.8007
90.3714,23.8007
90.3715,23.8006
90.3715,23.8006
90.3715,23.8005
90.3715,23.8005
90.3715,23.8004
90.3715,23.8004
90.3717,23.8
90.3717,23.8
90.372,23.7994
90.372,23.7994
90.3721,23.7992
90.3721,23.7992
90.3722,23.7989
90.3722,23.7989
90.3724,23.7984
90.3724,23.7984
90.3728,23.7974
90.3728,23.7974
90.3729,23.7973
90.3729,23.7973
90.3727,23.7973
90.3727,23.7973
90.3729,23.7973
90.3729,23.7973
90.3729,23.7971
90.3729,23.7971
90.3732,23.7965
90.3732,23.7965
90.3732,23.7965
90.3732,23.7965
90.3733,23.7963
90.3733,23.7963
90.3735,23.7957
90.3735,23.7957
90.3736,23.7954
90.3736,23.7954
90.3738,23.7952
90.3738,23.7952
90.3738,23.795
90.3738,23.795
90.3739,23.7949
90.3739,23.7949
90.374,23.7946
90.374,23.7946
90.3742,23.7941
90.3742,23.7941
90.3743,23.7939
90.3743,23.7939
90.3744,23.7935
90.3744,23.7935
90.3745,23.7935
90.3745,23.7935
90.3746,23.7932
90.3746,23.7932
90.3748,23.7927
90.3748,23.7927
90.3748,23.7926
90.3748,23.7926
90.3748,23.7926
90.3748,23.7926
90.375,23.7923
90.375,23.7923
90.375,23.7921
90.375,23.7921
90.3752,23.7916
90.3752,23.7916
90.3753,23.7916
90.3753,23.7916
90.3754,23.7914
90.3754,23.7914
90.3756,23.7909
90.3756,23.7909
90.3757,23.7905
90.3757,23.7905
90.3758,23.7904
90.3758,23.7904
90.3759,23.79
90.3759,23.79
90.3761,23.7896
90.3761,23.7896
90.3761,23.7896
90.3761,23.7896
90.3763,23.7892
90.3763,23.7892
90.3764,23.7889
90.3764,23.7889
90.3765,23.7887
90.3765,23.7887
90.3766,23.7886
90.3766,23.7886
90.3768,23.7881
90.3768,23.7881
90.3768,23.7881
90.3768,23.7881
90.3771,23.7873
90.3771,23.7873
90.3772,23.7872
90.3772,23.7872
90.3774,23.7867
90.3774,23.7867
90.3775,23.7865
90.3775,23.7865
90.3776,23.7863
90.3776,23.7863
90.3778,23.7858
90.3778,23.7858
90.378,23.7853
90.378,23.7853
90.3781,23.7851
90.3781,23.7851
90.3781,23.7849
90.3781,23.7849
90.3782,23.7848
90.3782,23.7848
90.3783,23.7845
90.3783,23.7845
90.3785,23.7838
90.3785,23.7838
90.3787,23.7834
90.3787,23.7834
90.3787,23.7833
90.3787,23.7833
90.3788,23.7829
90.3788,23.7829
90.3789,23.7828
90.3789,23.7828
90.3792,23.7818
90.3792,23.7818
90.3792,23.7816
90.3792,23.7816
90.3796,23.7805
90.3796,23.7805
90.3796,23.7804
90.3796,23.7804
90.3799,23.7794
90.3799,23.7794
90.3801,23.7787
90.3801,23.7787
90.3804,23.7776
90.3804,23.7776
90.3807,23.7768
90.3807,23.7768
90.3808,23.7764
90.3808,23.7764
90.3815,23.7742
90.3815,23.7742
90.3817,23.7734
90.3817,23.7734
90.3817,23.7733
90.3817,23.7733
90.3819,23.7727
90.3819,23.7727
90.3822,23.7719
90.3822,23.7719
90.3822,23.7718
90.3822,23.7718
90.3825,23.771
90.3825,23.771
90.3825,23.7708
90.3825,23.7708
90.3826,23.7703
90.3826,23.7703
90.3827,23.7698
90.3827,23.7698
90.3829,23.7691
90.3829,23.7691
90.3831,23.7684
90.3831,23.7684
90.3832,23.7667
90.3832,23.7667
90.3832,23.7661
90.3832,23.7661
90.3834,23.7651
90.3834,23.7651
90.3835,23.7636
90.3835,23.7636
90.3835,23.7625
90.3835,23.7625
90.3836,23.7622
90.3836,23.7622
90.3836,23.7616
90.3836,23.7616
90.3836,23.7613
90.3836,23.7613
90.3837,23.76
90.3837,23.76
90.3838,23.7589
90.3838,23.7589
90.3863,23.759
90.3863,23.759
90.3874,23.7591
90.3874,23.7591
90.3881,23.7591
90.3881,23.7591
90.3886,23.7591
90.3886,23.7591
90.3898,23.7592
90.3898,23.7592
90.3898,23.7591
90.3898,23.7591
90.3901,23.7585
90.3901,23.7585
90.3902,23.7584
90.3902,23.7584
90.3903,23.7577
90.3903,23.7577
90.3907,23.7567
90.3907,23.7567
90.3913,23.7553
90.3913,23.7553
90.3917,23.7543
90.3917,23.7543
90.3918,23.7539
90.3918,23.7539
90.392,23.7534
90.392,23.7534
90.3922,23.7528
90.3922,23.7528
90.3924,23.7522
90.3924,23.7522
90.3926,23.7517
90.3926,23.7517
90.3933,23.7502
90.3933,23.7502
90.3934,23.7498
90.3934,23.7498
90.3944,23.7471
90.3944,23.7471
90.3948,23.7459
90.3948,23.7459
90.395,23.7453
90.395,23.7453
90.3952,23.7446
90.3952,23.7446
90.3954,23.744
90.3954,23.744
90.3955,23.7437
90.3955,23.7437
90.3958,23.7428
90.3958,23.7428
90.3958,23.7426
90.3958,23.7426
90.3959,23.7422
90.3959,23.7422
90.3961,23.7414
90.3961,23.7414
90.3961,23.7412
90.3961,23.7412
90.3959,23.7384
90.3959,23.7384
90.396,23.7383
90.396,23.7383
90.3962,23.7383
90.4004,23.7281
90.3999,23.7285
90.3999,23.7285
90.3992,23.7293
90.3992,23.7293
90.3991,23.7293
90.3991,23.7293
90.3988,23.7297
90.3988,23.7297
90.3982,23.7303
90.3982,23.7303
90.3978,23.7307
90.3978,23.7307
90.3974,23.7311
90.3974,23.7311
90.3972,23.7313
90.3972,23.7313
90.3965,23.732
90.3965,23.732
90.3963,23.7322
90.3963,23.7322
90.3959,23.7326
90.3959,23.7326
90.3956,23.7328
90.3956,23.7328
90.3955,23.7343
90.3955,23.7343
90.3955,23.7349
90.3955,23.7349
90.3956,23.735
90.3956,23.735
90.3956,23.7353
90.3956,23.7353
90.3956,23.7354
90.3956,23.7354
90.3956,23.7357
90.3956,23.7357
90.3956,23.7361
90.3956,23.7361
90.3957,23.737
90.3957,23.737
90.3957,23.7371
90.3957,23.7371
90.3958,23.7379
90.3958,23.7379
90.3959,23.7378
90.3959,23.7378
90.396,23.7379
90.396,23.7379
90.3961,23.7379
90.3961,23.7379
90.3961,23.738
90.3961,23.738
90.3962,23.7381
90.3962,23.7381
90.3962,23.7382
90.3962,23.7382
90.3962,23.7383
90.4058,23.73
90.4054,23.73
90.4054,23.73
90.4054,23.7298
90.4054,23.7298
90.4052,23.7298
90.4052,23.7298
90.4051,23.7297
90.4051,23.7297
90.405,23.7296
90.405,23.7296
90.4047,23.7291
90.4047,23.7291
90.4044,23.7289
90.4044,23.7289
90.4043,23.7287
90.4043,23.7287
90.404,23.7284
90.404,23.7284
90.4037,23.7283
90.4037,23.7283
90.4032,23.7282
90.4032,23.7282
90.4019,23.7281
90.4019,23.7281
90.4019,23.7281
90.4019,23.7281
90.4012,23.7281
90.4012,23.7281
90.4004,23.7281
90.4058,23.73
90.4062,23.7301
90.4062,23.7301
90.4064,23.7301
90.4064,23.7301
90.4066,23.7301
90.4066,23.7301
90.4075,23.73
90.4075,23.73
90.4076,23.73
90.4076,23.73
90.4076,23.73
90.4076,23.73
90.408,23.73
90.408,23.73
90.4083,23.73
90.4083,23.73
90.4087,23.7301
90.4087,23.7301
90.4088,23.7301
90.4088,23.7301
90.4092,23.7301
90.4092,23.7301
90.4098,23.7302
90.4098,23.7302
90.4102,23.7302
90.4102,23.7302
90.4105,23.7301
90.4105,23.7301
90.4106,23.7301
90.4106,23.7301
90.4115,23.7302
90.4115,23.7302
90.4117,23.7302
90.4117,23.7302
90.4117,23.7302
90.4117,23.7302
90.412,23.7302
90.412,23.7302
90.4126,23.7302
90.4126,23.7302
90.4133,23.7302
90.4133,23.7302
90.4136,23.7303
90.4136,23.7303
90.4138,23.7303
90.4138,23.7303
90.4139,23.7303
90.4139,23.7303
90.4145,23.7303
90.4145,23.7303
90.4149,23.7303
90.4149,23.7303
90.4152,23.7303
90.4152,23.7303
90.416,23.7298
90.416,23.7298
90.4163,23.7297
90.4163,23.7297
90.4168,23.7294
90.4168,23.7294
90.4173,23.7291
90.4173,23.7291
90.4175,23.729
90.4175,23.729
90.4177,23.7289
