6 90.364255 23.828335 90.364282 23.827842 90.364282 23.827842 
6 90.365339 23.819078 90.365345 23.819055 90.365345 23.819055 
5 90.366249 23.815764 90.366345 23.81541 90.366345 
6 90.368481 23.80763 90.368626 23.807119 90.368626 23.807119 
6 90.353473 23.795583 90.35347 23.795615 90.35347 23.795615 
6 90.353829 23.791107 90.353815 23.791379 90.353815 23.791379 
6 90.352344 23.781303 90.351814 23.781595 90.351814 23.781595 
6 90.359892 23.778616 90.359721 23.778659 90.359721 23.778659 
6 90.365685 23.774911 90.365127 23.775385 90.365127 23.775385 
6 90.371105 23.763633 90.370873 23.764143 90.370873 23.764143 
6 90.373094 23.760112 90.372719 23.760748 90.372719 23.760748 
5 90.375289 23.756477 90.375033 23.7569 90.375033 
5 90.377642 23.752432 90.377442 23.75279 90.377442 
6 90.380444 23.747599 90.380409 23.747659 90.380409 23.747659 
6 90.382857 23.74167 90.38285 23.741698 90.38285 23.741698 
6 90.385008 23.732862 90.384675 23.733993 90.384675 23.733993 
6 90.394696 23.732855 90.394485 23.732965 90.394485 23.732965 
end